9 0 19 3 10 12 -18 14 -2 6 17 -4 8 1 -11 -5 -7 15 -13 -16
10 19 4 13 8 3 17 12 -16 -18 -6 -2 -5 15 7 -11 -9 1 -0 -14
6 9 7 8 -4 15 5 14 16 12 -10 19 -13 -0 -1 2 18 -11 3 17
16 1 6 10 -19 11 7 15 17 -14 9 4 18 -12 -13 3 -0 -5 2 -8
1 6 15 5 13 8 18 -10 -2 -16 19 -17 -7 14 3 -4 -9 11
-50 -0 41 46 72 45 -10 8 32 48 51 38 -36 -73 -67 -28 42 -74 31 5 -23 -57 -58 -63 -34 -1 -65 -69 -7 35 59 -4 54 -53 30 56 -27 55 20 -11 -64 60 -22 -52 -6 21 70 44 14 37 62 16 17 -13 29 -49 66 -15 43 -40 -9 33 12 -61 -2 19 -18 -39 -24 -71 68 47 3 26 -25
-52 -67 -24 6 -73 36 -8 -74 -31 61 26 0 47 -55 -14 27 16 40 34 9 63 -21 46 -41 -57 -32 22 -35 -20 70 65 30 -4 28 -18 38 -58 -17 -7 -62 44 -71 42 -60 -54 48 23 -15 -51 33 -69 29 1 -25 -45 3 43 19 -68 -5 -13 -10 2 -11 -64 56 -12 -66 -59 72 -39 50 49 -37 53
-72 -74 -66 -46 4 -9 58 -54 69 17 35 -36 1 -50 33 45 61 52 37 56 48 -47 -29 31 -13 70 -43 -22 53 -8 39 -30 -67 -42 38 40 -16 -14 -11 19 -20 62 28 -51 63 25 73 -32 21 -23 60 27 -10 -3 5 -2 -59 0 68 -55 -49 12 7 -26 34 41 -71 64 -15 18 -6 65 44 24 -57
-4 -25 74 72 73 29 55 13 11 45 15 53 -32 1 -35 24 50 57 14 71 -34 20 -3 64 -31 54 -47 -22 21 2 -41 -65 -17 18 68 -36 59 -19 23 -62 28 43 70 -49 -6 -9 10 -12 -33 -37 66 -61 7 -27 30 -0 -67 58 -42 -8 40 -38 46 44 -26 63 48 5 51 69 -56 16 39 -60 -52
62 -38 57 45 3 15 -51 13 70 -18 32 -36 -10 6 50 35 -24 -52 14 -44 -28 11 20 25 8 72 -46 48 -43 30 -22 16 -0 64 -66 71 12 29 33 55 -73 58 -49 -37 9 -5 47 74 -19 -59 -39 56 4 2 -40 60 -27 -7 -23 -42 -17 65 -68 -54 34 63 -31 41 1 53 21 -69 61 67 -26
1 -45 59 -9 54 41 63 52 27 21 -0 67 22 -24 32 5 -28 -57 8 34 19 -38 -40 2 7 -46 -71 -20 53 47 29 -51 -58 55 -73 -31 -17 -39 69 -64 -4 68 10 61 50 -43 70 18 -60 37 26 3 36 62 -42 -15 66 23 -13 49 72 25 -48 -44 56 -12 -11 -6 14 -33 -30 -65 74 16 35
34 12 -64 38 8 73 31 51 16 40 47 -74 18 -17 56 -63 -42 -3 -28 -10 68 50 13 22 33 29 -23 -24 11 53 -62 -48 20 -19 72 1 -70 -44 -66 -65 35 9 59 27 4 15 54 0 -14 -57 32 55 -37 -52 -39 -30 -43 45 -49 -21 -5 61 -6 -41 -69 -46 -67 -58 -36 71 26 -7 2 25 60
-32 53 38 34 0 13 14 5 73 31 6 -51 -24 -4 17 33 39 -46 -54 -62 26 -37 -29 -12 -60 18 -47 -55 23 69 74 52 -22 -72 -15 19 49 -70 11 -56 44 58 61 40 10 16 -57 30 50 21 -41 -27 -71 -20 42 7 8 -66 65 68 -63 64 -36 3 -35 -28 2 -9 25 -45 -67 48 -43 1 59
-72 13 62 -24 -31 -70 -50 28 -58 -69 -59 46 -49 38 -8 -53 -45 73 -66 -52 -2 14 64 -0 -19 23 -55 -29 -57 65 -3 -33 15 -68 -39 -30 12 48 10 -35 -63 60 37 -34 71 43 -61 22 11 -56 -21 -20 26 -27 41 9 17 42 5 -18 32 74 16 4 -36 25 51 -67 47 54 1 40 6 44 7
0 22 20 37 60 -50 23 19 11 16 -47 -53 63 67 -10 -49 -57 -26 -24 21 41 38 -65 51 -44 17 -45 -71 -58 -5 43 -69 40 29 56 72 74 -14 -8 -32 31 13 73 -18 68 -27 39 25 70 28 66 -3 -46 62 -7 -42 34 -59 -48 -52 4 9 -35 -12 6 -2 -30 33 -61 64 36 55 15 1 -54
